[[0.00000000e+00 0.00000000e+00 0.00000000e+00 0.00000000e+00
  1.00000000e+00 0.00000000e+00 0.00000000e+00 0.00000000e+00
  0.00000000e+00]
 [0.00000000e+00 5.00000000e-01 0.00000000e+00 2.50000000e-01
  0.00000000e+00 4.21807439e-33 0.00000000e+00 2.50000000e-01
  0.00000000e+00]
 [1.87500000e-01 6.25000000e-02 1.25000000e-01 1.05451860e-33
  2.50000000e-01 6.25000000e-02 1.25000000e-01 1.25000000e-01
  6.25000000e-02]
 [7.81250000e-02 1.40625000e-01 6.25000000e-02 1.87500000e-01
  6.25000000e-02 1.09375000e-01 1.25000000e-01 1.25000000e-01
  1.09375000e-01]
 [1.99218750e-01 6.64062500e-02 7.81250000e-02 1.25000000e-01
  2.34375000e-01 2.73437500e-02 7.81250000e-02 3.12500000e-02
  1.60156250e-01]
 [2.63671875e-02 1.61132813e-01 1.56250000e-01 1.44531250e-01
  2.34375000e-02 9.27734375e-02 2.42187500e-01 1.09375000e-01
  4.39453125e-02]
 [2.77587891e-01 3.49121094e-02 1.95312500e-02 5.37109375e-02
  2.70507813e-01 6.95800781e-02 4.88281250e-02 3.51562500e-02
  1.90185547e-01]
 [3.80249023e-02 1.92443848e-01 1.41113281e-01 1.65283203e-01
  4.29687500e-02 1.95983887e-01 7.66601563e-02 9.96093750e-02
  4.79125977e-02]
 [2.25173950e-01 1.35726929e-01 1.54724121e-01 5.36499023e-02
  9.77172852e-02 7.88726807e-02 6.03637695e-02 1.39709473e-01
  5.40618896e-02]
 [1.15428925e-01 4.33082581e-02 6.94580078e-02 1.92001343e-01
  1.92413330e-01 1.08257294e-01 1.34185791e-01 1.63879395e-02
  1.28559113e-01]
 [1.89038277e-01 1.44637108e-01 8.96263123e-02 1.12075806e-01
  4.32701111e-02 6.08835220e-02 1.22440338e-01 1.13357544e-01
  1.24670982e-01]
 [8.16113949e-02 1.10104799e-01 1.23989105e-01 1.54579163e-01
  3.23047638e-02 1.27471685e-01 2.34434128e-01 1.07117653e-01
  2.83873081e-02]
 [2.71294177e-01 5.96415401e-02 4.85475063e-02 1.28341913e-01
  1.17705584e-01 3.92058492e-02 7.02917576e-02 6.51528835e-02
  1.99818790e-01]
 [1.29553363e-01 7.22160488e-02 9.56575871e-02 2.13428319e-01
  9.32406187e-02 2.18859956e-01 7.44105577e-02 5.37700653e-02
  4.88634855e-02]
 [6.97648712e-02 7.68344365e-02 1.62432566e-01 7.44695365e-02
  3.10824364e-02 1.04581628e-01 2.50347182e-01 7.48150349e-02
  1.55672308e-01]
 [2.19554647e-01 5.15942993e-02 1.37224659e-01 1.14980362e-01
  1.13230638e-01 6.75982004e-02 1.08434804e-01 5.75222038e-02
  1.29860186e-01]
 [3.08897423e-02 1.00527030e-01 4.47041532e-02 1.66396522e-01
  1.22555268e-01 1.15186042e-01 1.44350895e-01 7.95535585e-02
  1.95836789e-01]
 [1.14939888e-01 4.93602558e-02 1.52212678e-01 1.11395313e-01
  6.31858329e-02 2.49064766e-01 1.05530834e-01 1.10381841e-01
  4.39285909e-02]
 [1.07434297e-01 1.15476976e-01 5.36686702e-02 1.00918894e-01
  1.35521477e-01 5.38161696e-02 1.21758114e-01 5.74204996e-02
  2.53984902e-01]
 [1.48987681e-01 9.48230379e-02 1.23963523e-01 1.07884418e-01
  1.21008629e-01 7.90514006e-02 1.12124773e-01 1.81720090e-01
  3.04364485e-02]
 [7.89691496e-02 2.16910884e-01 4.36995704e-02 1.23929110e-01
  1.29069886e-01 9.30794379e-02 1.76614022e-01 5.33243351e-02
  8.44036051e-02]
 [1.99490550e-01 8.06398561e-02 5.33301871e-02 1.11989506e-01
  2.04112331e-01 6.64453605e-02 6.25354461e-02 1.23786940e-01
  9.76698234e-02]
 [1.48996127e-01 3.22528503e-02 6.31848313e-02 2.14863069e-01
  6.35459485e-02 1.31230269e-01 1.51810950e-01 7.19947373e-02
  1.22121217e-01]
 [7.39165549e-02 1.12376559e-01 2.01866563e-01 9.00305308e-02
  3.98399737e-02 9.23373372e-02 1.99821032e-01 1.32275548e-01
  5.75359025e-02]
 [1.55314880e-01 6.51243577e-02 9.55751830e-02 1.04718453e-01
  1.88294352e-01 6.18659987e-02 1.06852005e-01 3.85075438e-02
  1.83747227e-01]
 [1.18340346e-01 1.49014377e-01 5.26907597e-02 1.50124881e-01
  9.58144665e-02 8.39422004e-02 1.06557747e-01 1.77198927e-01
  6.63162953e-02]
 [4.30229601e-02 1.13230219e-01 7.08402713e-02 1.58103697e-01
  2.13145778e-01 9.54428080e-02 1.52217691e-01 6.19746652e-02
  9.20219108e-02]
 [1.01613050e-01 1.37105521e-01 1.36459706e-01 9.07089116e-02
  7.71494622e-02 1.37560258e-01 6.79702105e-02 8.00982833e-02
  1.71334597e-01]
 [8.47974222e-02 3.37262239e-02 2.31408587e-01 4.98901233e-02
  1.40326690e-01 7.81920334e-02 1.03020047e-01 1.02777665e-01
  1.75861209e-01]
 [4.06307612e-02 9.19819114e-02 1.28317359e-01 1.13488520e-01
  3.97429946e-02 2.18359816e-01 1.16090528e-01 1.36963925e-01
  1.14424184e-01]
 [1.43968386e-01 3.98460104e-02 1.23025423e-01 1.13431281e-01
  1.03150296e-01 7.13722519e-02 4.45520348e-02 3.99206999e-02
  3.20733617e-01]
 [7.38429380e-02 1.29796801e-01 3.19539614e-01 6.51345311e-02
  3.03410044e-02 8.33021430e-02 1.54480392e-01 6.58694751e-02
  7.76931013e-02]
 [1.03190899e-01 1.50525740e-01 5.83546615e-02 5.04482589e-02
  7.60393875e-02 1.15235372e-01 9.98639425e-02 1.80989661e-01
  1.65352078e-01]
 [1.41660448e-01 8.47169394e-02 9.11432646e-02 1.19421387e-01
  2.06839326e-01 1.43867642e-01 3.51588484e-02 9.40965830e-02
  8.30955606e-02]
 [1.94122858e-01 1.61479676e-01 1.54630002e-01 9.92544844e-02
  1.14182974e-01 2.18099922e-02 5.22567172e-02 9.58003906e-02
  1.06462905e-01]
 [6.90802610e-02 7.99588862e-02 1.02949822e-01 1.73030880e-01
  9.85712053e-02 6.75267643e-02 1.89088725e-01 8.97413001e-02
  1.30052156e-01]
 [2.83679257e-01 7.58373871e-02 5.84825573e-02 9.27519680e-02
  1.32801199e-01 1.29104727e-01 5.60781773e-02 8.77277652e-02
  8.35369621e-02]
 [7.34909331e-02 5.65192691e-02 1.56286403e-01 1.89003050e-01
  9.20488156e-02 5.33263654e-02 2.05464287e-01 1.36377429e-01
  3.74834482e-02]
 [1.89818645e-01 1.00831094e-01 5.67706961e-02 1.00373128e-01
  1.10726673e-01 1.71158428e-01 1.23174179e-01 1.00196832e-01
  4.69503246e-02]
 [1.30782837e-01 5.67758931e-02 3.28343706e-02 1.46933880e-01
  2.00823923e-01 3.73983584e-02 1.43717123e-01 4.52771815e-02
  2.05456434e-01]
 [2.39219035e-01 1.73130790e-01 1.90610424e-01 6.76879485e-02
  4.24800679e-02 8.49294766e-02 6.64592151e-02 7.24654440e-02
  6.30175980e-02]
 [6.57585757e-02 1.16407575e-01 1.31807641e-01 8.13292771e-02
  7.53382956e-02 1.09110838e-01 2.02582953e-01 1.51598560e-01
  6.60662842e-02]
 [1.84679909e-01 8.22593902e-02 6.11073770e-02 7.21973774e-02
  1.68589909e-01 1.05902003e-01 3.89105352e-02 6.22162269e-02
  2.24137272e-01]
 [4.19322630e-02 4.65473099e-02 2.30429840e-01 7.24049295e-02
  1.34771600e-01 7.89962120e-02 1.59532314e-01 1.55807877e-01
  7.95776548e-02]
 [1.32380055e-01 2.06783880e-01 6.61551581e-02 1.13709759e-01
  4.25295609e-02 1.00939780e-01 5.97917584e-02 5.73878154e-02
  2.20322233e-01]
 [7.43412006e-02 5.43488370e-02 5.93572123e-02 8.43928210e-02
  2.64521763e-01 1.74248659e-01 1.23670046e-01 7.58189428e-02
  8.93005188e-02]
 [7.55877165e-02 5.88420284e-02 7.82855655e-02 1.61950796e-01
  1.09256324e-01 1.74998348e-01 4.30745360e-02 9.66442642e-02
  2.01360422e-01]
 [3.74618175e-02 8.24764722e-02 2.85667096e-01 1.10581163e-01
  8.57161834e-02 2.13973061e-01 9.09299025e-02 3.40655090e-02
  5.91287960e-02]
 [1.58626751e-01 6.88091641e-02 7.09916468e-02 3.71703277e-02
  9.13310846e-02 1.01563307e-01 4.08194748e-02 3.36575929e-02
  3.97030651e-01]
 [3.27403397e-02 6.13796601e-02 1.98614905e-01 8.07392583e-02
  4.67788106e-02 2.68377450e-01 1.01413489e-01 9.90071653e-02
  1.10948922e-01]
 [5.45099453e-02 1.13311601e-01 1.34578451e-01 1.35876923e-01
  1.05780488e-01 7.48921918e-02 9.00230344e-02 8.45095480e-02
  2.06517818e-01]
 [9.74774946e-02 1.18653541e-01 1.17684111e-01 2.83169125e-02
  1.45408586e-01 1.39636078e-01 4.91729156e-02 1.43993358e-01
  1.59657002e-01]
 [8.31434570e-02 2.45831027e-02 1.73216096e-01 4.88591729e-02
  2.84087144e-01 8.35178609e-02 7.75828429e-02 1.61617860e-01
  6.33924639e-02]
 [3.86165945e-02 4.44176706e-01 8.63541563e-02 7.16590900e-02
  1.46051496e-02 8.53216414e-02 7.09009558e-02 1.07259914e-01
  8.11057923e-02]
 [7.07438031e-02 2.97986881e-02 6.07226327e-02 7.59288021e-02
  4.43754808e-01 6.64710595e-02 3.80706513e-02 1.02970740e-01
  1.11538814e-01]
 [2.87879579e-02 1.73440428e-01 6.28261069e-02 8.85561004e-02
  5.05011549e-02 2.07571355e-01 1.13162513e-01 1.57947220e-01
  1.17207164e-01]
 [1.78681312e-01 4.08958523e-02 2.15514123e-01 8.74768113e-02
  1.83159111e-01 6.75758233e-02 3.69028468e-02 9.76817511e-02
  9.21123687e-02]
 [6.90265395e-02 2.24463368e-01 6.12529184e-02 1.01103737e-01
  1.33803480e-01 5.79991007e-02 1.74191325e-01 4.18900528e-02
  1.36269479e-01]
 [1.25330349e-01 2.81032880e-02 4.67547350e-02 2.49730733e-01
  1.99532044e-01 9.68006367e-02 6.08637950e-02 1.28007935e-01
  6.48764838e-02]
 [2.62223601e-02 1.99193648e-01 7.62092926e-02 1.64113668e-01
  2.37195629e-02 7.95757526e-02 3.73508549e-01 3.95286501e-02
  1.79285170e-02]
 [4.19263561e-01 1.38664591e-02 2.11224539e-02 7.37232327e-02
  1.21646489e-01 1.43511868e-02 3.05865761e-02 1.18008341e-01
  1.87431700e-01]
 [3.16954456e-02 1.05567953e-01 1.39150582e-01 1.47550908e-01
  7.91019766e-02 4.48054530e-02 3.04304920e-01 1.03928773e-01
  4.38939882e-02]
 [1.82947327e-01 1.14287841e-01 8.95432930e-02 1.30887616e-01
  1.34530813e-01 6.55670002e-02 7.73728296e-02 1.54719190e-01
  5.01440909e-02]
 [8.58161415e-02 1.53373824e-01 6.76897469e-02 1.39509723e-01
  1.31308088e-01 8.41687970e-02 1.82062802e-01 8.27693570e-02
  7.33015195e-02]
 [2.52833753e-01 7.02624254e-02 5.90744751e-02 1.34378816e-01
  1.07411636e-01 7.71925184e-02 3.51314010e-02 1.45414712e-01
  1.18300264e-01]
 [3.29863204e-02 1.46961001e-01 1.29284435e-01 7.54948745e-02
  4.28827513e-02 8.41854320e-02 2.96891436e-01 1.63247987e-01
  2.80657642e-02]
 [2.41823656e-01 8.59617629e-02 5.66246586e-02 6.84583779e-02
  1.88753318e-01 5.16080057e-02 4.73166948e-02 7.96259641e-02
  1.79827562e-01]
 [4.48151889e-02 1.52743987e-01 1.23641384e-01 1.54684350e-01
  7.80386573e-02 3.66040826e-02 2.13806616e-01 1.22364925e-01
  7.33008092e-02]
 [6.67762357e-02 6.98658504e-02 6.26433395e-02 1.12282898e-01
  9.75600342e-02 4.31873955e-02 1.62156520e-01 1.84743245e-01
  2.00784482e-01]
 [1.81812009e-01 1.75626675e-01 1.30355832e-01 8.68957811e-02
  1.07876892e-01 9.27598652e-02 5.81325430e-02 1.07873984e-01
  5.86664182e-02]
 [8.31733464e-02 5.14817817e-02 1.09120412e-01 1.28825464e-01
  2.38294328e-01 5.31825415e-02 1.05480444e-01 1.10341503e-01
  1.20100179e-01]
 [1.04217010e-01 1.24308854e-01 8.98069492e-02 1.47009641e-01
  4.65479291e-02 1.93676815e-01 1.24809159e-01 8.48657407e-02
  8.47579021e-02]
 [1.41202664e-01 5.82400080e-02 8.38956520e-02 1.21873319e-01
  1.80776948e-01 3.21957721e-02 1.03091444e-01 4.75320767e-02
  2.31192116e-01]
 [1.25707639e-01 1.29444451e-01 1.94727613e-01 1.56616164e-01
  5.50516996e-02 7.76625720e-02 1.15410672e-01 1.03957546e-01
  4.14216446e-02]
 [1.36920766e-01 1.22022002e-01 4.23653862e-02 7.77856399e-02
  5.56342706e-02 7.21564916e-02 1.56225260e-01 1.44631279e-01
  1.92258904e-01]
 [1.28577253e-01 6.71111337e-02 1.17294251e-01 9.02193904e-02
  2.15913817e-01 1.56328239e-01 5.26216059e-02 6.86174818e-02
  1.03316829e-01]
 [1.40129018e-01 1.48989741e-01 1.52851056e-01 1.35884731e-01
  8.52559437e-02 8.44808866e-02 8.31170055e-02 5.91852401e-02
  1.10106379e-01]
 [1.30848173e-01 1.97238286e-01 1.95967496e-01 1.22243243e-01
  4.05193196e-02 5.93238480e-02 8.35459668e-02 7.46504868e-02
  9.56631802e-02]
 [2.59135770e-01 6.04409192e-02 6.18796161e-02 1.14152162e-01
  1.80815327e-01 6.22969210e-02 1.48626241e-01 3.29226924e-02
  7.97303509e-02]
 [1.61614129e-01 7.56076812e-02 7.27708621e-02 3.03943155e-01
  6.45212139e-02 1.09143081e-01 8.51591521e-02 7.30203974e-02
  5.42203285e-02]
 [1.02060252e-01 5.30556383e-02 9.05408829e-02 8.92312096e-02
  9.91430192e-02 1.06973207e-01 3.55997433e-01 3.52973712e-02
  6.77009855e-02]
 [9.17021618e-02 3.04993475e-02 9.21265908e-02 9.44192811e-02
  1.04651458e-01 1.13904036e-01 7.98342998e-02 5.02659373e-02
  3.42596888e-01]
 [6.69026075e-02 8.01723937e-02 2.75641101e-01 8.06954254e-02
  9.72243997e-02 1.31447675e-01 3.61850284e-02 8.17332943e-02
  1.49998075e-01]
 [8.63743561e-02 9.32500243e-02 1.92724632e-01 1.05606001e-01
  6.45409209e-02 1.48756354e-01 5.08294587e-02 9.21351315e-02
  1.65783120e-01]
 [9.36790167e-02 6.37520442e-02 4.51589788e-02 5.89389754e-02
  1.24228210e-01 1.39757097e-01 1.64608386e-01 4.74739623e-02
  2.62403330e-01]
 [7.68026786e-02 1.04832677e-01 2.35404415e-01 1.21869443e-01
  1.04237105e-01 1.45151740e-01 5.78575048e-02 5.67349400e-02
  9.71094975e-02]
 [9.65112521e-02 1.52062802e-01 1.43454337e-01 7.39611727e-02
  7.76987552e-02 4.93079715e-02 1.50451198e-01 1.05743069e-01
  1.50809442e-01]
 [1.22701964e-01 1.34163094e-01 3.74565882e-02 7.23273988e-02
  1.93925008e-01 1.24667473e-01 3.16906572e-02 1.42895664e-01
  1.40172152e-01]
 [1.01299748e-01 6.37740519e-02 1.29406386e-01 1.30441878e-01
  2.19948504e-01 2.05393805e-01 1.12172112e-02 7.25236696e-02
  6.59947452e-02]
 [4.32476424e-02 1.35038026e-01 1.76527882e-01 1.15428218e-01
  4.56754746e-02 8.23119467e-02 1.49032350e-01 1.30796421e-01
  1.21942039e-01]
 [1.98158168e-01 4.13466175e-02 7.48027378e-02 3.72850879e-02
  2.05634362e-01 8.47574954e-02 9.08256475e-02 4.69989810e-02
  2.20190903e-01]
 [1.59861336e-02 1.44676876e-01 1.41799448e-01 1.77289073e-01
  8.23345109e-02 1.19231655e-01 1.20802717e-01 1.41638845e-01
  5.62407414e-02]
 [2.20542562e-01 1.04870859e-01 6.97359498e-02 8.33457769e-02
  1.00001894e-01 1.82532197e-01 4.56400857e-02 7.42711568e-02
  1.19059519e-01]
 [8.66158067e-02 5.99136332e-02 8.32581725e-02 5.65543112e-02
  1.48570171e-01 8.72396555e-02 2.36778787e-01 9.98891915e-02
  1.41180271e-01]
 [1.46844033e-01 1.59543004e-01 1.42059327e-01 1.07731170e-01
  1.12154749e-01 3.98064812e-02 5.39306752e-02 7.70659592e-02
  1.60864601e-01]
 [7.20355633e-02 1.39159164e-01 1.60520846e-01 6.19703959e-02
  6.94252207e-02 1.28282363e-01 1.45422474e-01 1.68644818e-01
  5.45391549e-02]
 [1.71891462e-01 7.34166368e-02 5.07996137e-02 6.47701905e-02
  2.79175739e-01 4.06827555e-02 7.55996479e-02 2.61169267e-02
  2.17547029e-01]
 [2.44903135e-02 1.03646814e-01 1.16772632e-01 1.16376331e-01
  6.49244595e-02 2.12553356e-01 1.31388203e-01 1.94676534e-01
  3.51713579e-02]
 [1.15222421e-01 2.04551068e-01 1.42365720e-01 1.13665031e-01
  3.88702193e-02 6.18120950e-02 2.68645568e-02 1.08335926e-01
  1.88312963e-01]
 [1.03482785e-01 2.95368427e-02 1.08380174e-01 4.94790261e-02
  2.39145404e-01 1.38820476e-01 1.94548377e-01 2.83872484e-02
  1.08219669e-01]
 [7.84315431e-02 1.53289230e-01 1.13425790e-01 1.71244704e-01
  4.05812256e-02 5.51129444e-03 9.97915018e-02 7.46111404e-02
  2.63113571e-01]]