\documentclass[border=1em]{standalone}

% Table setup
\usepackage[table]{xcolor} % Cell colors

\begin{document}

$
\left(
\begin{array}{cccccccccccccccc}
eig([[0.000, 0.250, 0.250, 0.000, 0.250, 0.000, 0.000, 0.000, 0.250, 0.000, 0.000, 0.000, 0.000, 0.000, 0.000, 0.000],[0.250, 0.000, 0.000, 0.250, 0.000, 0.250, 0.000, 0.000, 0.000, 0.250, 0.000, 0.000, 0.000, 0.000, 0.000, 0.000],[0.250, 0.000, 0.000, 0.250, 0.000, 0.000, 0.250, 0.000, 0.000, 0.000, 0.250, 0.000, 0.000, 0.000, 0.000, 0.000],[0.000, 0.250, 0.250, 0.000, 0.000, 0.000, 0.000, 0.250, 0.000, 0.000, 0.000, 0.250, 0.000, 0.000, 0.000, 0.000],[0.250, 0.000, 0.000, 0.000, 0.000, 0.250, 0.250, 0.000, 0.000, 0.000, 0.000, 0.000, 0.250, 0.000, 0.000, 0.000],[0.000, 0.250, 0.000, 0.000, 0.250, 0.000, 0.000, 0.250, 0.000, 0.000, 0.000, 0.000, 0.000, 0.250, 0.000, 0.000],[0.000, 0.000, 0.250, 0.000, 0.250, 0.000, 0.000, 0.250, 0.000, 0.000, 0.000, 0.000, 0.000, 0.000, 0.250, 0.000],[0.000, 0.000, 0.000, 0.250, 0.000, 0.250, 0.250, 0.000, 0.000, 0.000, 0.000, 0.000, 0.000, 0.000, 0.000, 0.250],[0.250, 0.000, 0.000, 0.000, 0.000, 0.000, 0.000, 0.000, 0.000, 0.250, 0.250, 0.000, 0.250, 0.000, 0.000, 0.000],[0.000, 0.250, 0.000, 0.000, 0.000, 0.000, 0.000, 0.000, 0.250, 0.000, 0.000, 0.250, 0.000, 0.250, 0.000, 0.000],[0.000, 0.000, 0.250, 0.000, 0.000, 0.000, 0.000, 0.000, 0.250, 0.000, 0.000, 0.250, 0.000, 0.000, 0.250, 0.000],[0.000, 0.000, 0.000, 0.250, 0.000, 0.000, 0.000, 0.000, 0.000, 0.250, 0.250, 0.000, 0.000, 0.000, 0.000, 0.250],[0.000, 0.000, 0.000, 0.000, 0.250, 0.000, 0.000, 0.000, 0.250, 0.000, 0.000, 0.000, 0.000, 0.250, 0.250, 0.000],[0.000, 0.000, 0.000, 0.000, 0.000, 0.250, 0.000, 0.000, 0.000, 0.250, 0.000, 0.000, 0.250, 0.000, 0.000, 0.250],[0.000, 0.000, 0.000, 0.000, 0.000, 0.000, 0.250, 0.000, 0.000, 0.000, 0.250, 0.000, 0.250, 0.000, 0.000, 0.250],[0.000, 0.000, 0.000, 0.000, 0.000, 0.000, 0.000, 0.250, 0.000, 0.000, 0.000, 0.250, 0.000, 0.250, 0.250, 0.000]])
\end{array}
\right)
$

\end{document}