[[0.00000000e+00 0.00000000e+00 0.00000000e+00 0.00000000e+00
  1.00000000e+00 0.00000000e+00 0.00000000e+00 0.00000000e+00
  0.00000000e+00]
 [0.00000000e+00 2.50000000e-01 0.00000000e+00 2.50000000e-01
  0.00000000e+00 2.50000000e-01 0.00000000e+00 2.50000000e-01
  0.00000000e+00]
 [1.25000000e-01 6.25000000e-02 1.25000000e-01 6.25000000e-02
  2.50000000e-01 6.25000000e-02 1.25000000e-01 6.25000000e-02
  1.25000000e-01]
 [1.56250000e-01 1.09375000e-01 9.37500000e-02 1.09375000e-01
  6.25000000e-02 1.09375000e-01 9.37500000e-02 1.09375000e-01
  1.56250000e-01]
 [1.01562500e-01 8.98437500e-02 1.17187500e-01 8.98437500e-02
  2.03125000e-01 8.98437500e-02 1.17187500e-01 8.98437500e-02
  1.01562500e-01]
 [4.10156250e-02 1.86523438e-01 6.05468750e-02 1.86523438e-01
  5.07812500e-02 1.86523438e-01 6.05468750e-02 1.86523438e-01
  4.10156250e-02]
 [5.32226562e-02 5.63964844e-02 5.81054688e-02 5.63964844e-02
  5.51757812e-01 5.63964844e-02 5.81054688e-02 5.63964844e-02
  5.32226562e-02]
 [6.11572266e-02 1.52282715e-01 5.65185547e-02 1.52282715e-01
  1.55517578e-01 1.52282715e-01 5.65185547e-02 1.52282715e-01
  6.11572266e-02]
 [6.63146973e-02 1.49765015e-01 3.82995605e-02 1.49765015e-01
  1.91711426e-01 1.49765015e-01 3.82995605e-02 1.49765015e-01
  6.63146973e-02]
 [5.81436157e-02 8.70933533e-02 3.17306519e-02 8.70933533e-02
  4.71878052e-01 8.70933533e-02 3.17306519e-02 8.70933533e-02
  5.81436157e-02]
 [6.33792877e-02 1.43622398e-01 2.77538300e-02 1.43622398e-01
  2.43244171e-01 1.43622398e-01 2.77538300e-02 1.43622398e-01
  6.33792877e-02]
 [6.62941933e-02 1.49116278e-01 1.16721630e-01 1.49116278e-01
  3.75032425e-02 1.49116278e-01 1.16721630e-01 1.49116278e-01
  6.62941933e-02]
 [1.37622476e-01 4.37273383e-02 1.02455974e-01 4.37273383e-02
  3.44933748e-01 4.37273383e-02 1.02455974e-01 4.37273383e-02
  1.37622476e-01]
 [6.21291697e-02 1.56196818e-01 1.17554635e-01 1.56196818e-01
  1.58451200e-02 1.56196818e-01 1.17554635e-01 1.56196818e-01
  6.21291697e-02]
 [7.06680790e-02 1.31231453e-01 3.56954858e-02 1.31231453e-01
  2.62347057e-01 1.31231453e-01 3.56954858e-02 1.31231453e-01
  7.06680790e-02]
 [6.48273025e-02 9.64097967e-02 3.93233579e-02 9.64097967e-02
  4.06059492e-01 9.64097967e-02 3.93233579e-02 9.64097967e-02
  6.48273025e-02]
 [7.67026232e-02 1.34690379e-01 4.82062283e-02 1.34690379e-01
  2.11420779e-01 1.34690379e-01 4.82062283e-02 1.34690379e-01
  7.67026232e-02]
 [5.15687173e-02 1.67290761e-01 4.42196428e-02 1.67290761e-01
  1.39260235e-01 1.67290761e-01 4.42196428e-02 1.67290761e-01
  5.15687173e-02]
 [3.86128057e-02 5.08613736e-02 4.68108251e-02 5.08613736e-02
  6.25707244e-01 5.08613736e-02 4.68108251e-02 5.08613736e-02
  3.86128057e-02]
 [3.57832654e-02 1.94126029e-01 4.73767331e-02 1.94126029e-01
  5.71758854e-02 1.94126029e-01 4.73767331e-02 1.94126029e-01
  3.57832654e-02]
 [1.04327164e-01 8.77286600e-02 1.27590759e-01 8.77286600e-02
  1.85249514e-01 8.77286600e-02 1.27590759e-01 8.77286600e-02
  1.04327164e-01]
 [1.70247646e-01 1.03995978e-01 9.89032562e-02 1.03995978e-01
  4.57142824e-02 1.03995978e-01 9.89032562e-02 1.03995978e-01
  1.70247646e-01]
 [1.23899933e-01 6.40873965e-02 1.33308650e-01 6.40873965e-02
  2.29233248e-01 6.40873965e-02 1.33308650e-01 6.40873965e-02
  1.23899933e-01]
 [1.53091905e-03 2.47538796e-01 1.24875832e-03 2.47538796e-01
  4.28546129e-03 2.47538796e-01 1.24875832e-03 2.47538796e-01
  1.53091905e-03]
 [7.18031860e-04 2.10126766e-03 1.41133576e-03 2.10126766e-03
  9.87336194e-01 2.10126766e-03 1.41133576e-03 2.10126766e-03
  7.18031860e-04]
 [1.62997443e-03 2.47370402e-01 1.22894724e-03 2.47370402e-01
  4.80054928e-03 2.47370402e-01 1.22894724e-03 2.47370402e-01
  1.62997443e-03]
 [1.23726586e-01 6.43820862e-02 1.14656935e-01 6.43820862e-02
  2.65704612e-01 6.43820862e-02 1.14656935e-01 6.43820862e-02
  1.23726586e-01]
 [1.40086574e-01 1.14159756e-01 8.71834059e-02 1.14159756e-01
  8.88210153e-02 1.14159756e-01 8.71834059e-02 1.14159756e-01
  1.40086574e-01]
 [9.88874375e-02 9.18374396e-02 1.04853565e-01 9.18374396e-02
  2.25168237e-01 9.18374396e-02 1.04853565e-01 9.18374396e-02
  9.88874375e-02]
 [4.50984852e-02 1.80859533e-01 7.37768449e-02 1.80859533e-01
  3.88112057e-02 1.80859533e-01 7.37768449e-02 1.80859533e-01
  4.50984852e-02]
 [6.95032868e-02 5.87279340e-02 6.88958846e-02 5.87279340e-02
  4.88289921e-01 5.87279340e-02 6.88958846e-02 5.87279340e-02
  6.95032868e-02]
 [6.84882117e-02 1.41096998e-01 6.90988996e-02 1.41096998e-01
  1.60437784e-01 1.41096998e-01 6.90988996e-02 1.41096998e-01
  6.84882117e-02]
 [5.79554161e-02 1.61421876e-01 3.01743534e-02 1.61421876e-01
  1.78052957e-01 1.61421876e-01 3.01743534e-02 1.61421876e-01
  5.79554161e-02]
 [5.36712593e-02 7.87614365e-02 2.57441338e-02 7.87614365e-02
  5.26123468e-01 7.87614365e-02 2.57441338e-02 7.87614365e-02
  5.36712593e-02]
 [5.69303593e-02 1.55147628e-01 2.23625204e-02 1.55147628e-01
  2.20823728e-01 1.55147628e-01 2.23625204e-02 1.55147628e-01
  5.69303593e-02]
 [7.02820611e-02 1.42055877e-01 1.12832774e-01 1.42055877e-01
  6.55468232e-02 1.42055877e-01 1.12832774e-01 1.42055877e-01
  7.02820611e-02]
 [1.32525968e-01 4.57872977e-02 1.00383993e-01 4.57872977e-02
  3.51030888e-01 4.57872977e-02 1.00383993e-01 4.57872977e-02
  1.32525968e-01]
 [5.82781376e-02 1.62462547e-01 1.15233559e-01 1.62462547e-01
  3.12642096e-03 1.62462547e-01 1.15233559e-01 1.62462547e-01
  5.82781376e-02]
 [7.79372254e-02 1.19435956e-01 4.59109578e-02 1.19435956e-01
  2.74559811e-01 1.19435956e-01 4.59109578e-02 1.19435956e-01
  7.79372254e-02]
 [7.40066095e-02 1.05240925e-01 4.80393839e-02 1.05240925e-01
  3.34944314e-01 1.05240925e-01 4.80393839e-02 1.05240925e-01
  7.40066095e-02]
 [8.80798456e-02 1.17841544e-01 5.95304761e-02 1.17841544e-01
  2.33413182e-01 1.17841544e-01 5.95304761e-02 1.17841544e-01
  8.80798456e-02]
 [4.05285523e-02 1.84812821e-01 3.27192428e-02 1.84812821e-01
  1.14253128e-01 1.84812821e-01 3.27192428e-02 1.84812821e-01
  4.05285523e-02]
 [2.63047780e-02 4.24988231e-02 3.55639977e-02 4.24988231e-02
  7.06267156e-01 4.24988231e-02 3.55639977e-02 4.24988231e-02
  2.63047780e-02]
 [2.94180672e-02 2.03700645e-01 3.49413399e-02 2.03700645e-01
  5.64786052e-02 2.03700645e-01 3.49413399e-02 2.03700645e-01
  2.94180672e-02]
 [1.07523195e-01 8.47878505e-02 1.35472287e-01 8.47878505e-02
  1.74857636e-01 8.47878505e-02 1.35472287e-01 8.47878505e-02
  1.07523195e-01]
 [1.80815764e-01 9.92924180e-02 1.02516509e-01 9.92924180e-02
  3.61657806e-02 9.92924180e-02 1.02516509e-01 9.92924180e-02
  1.80815764e-01]
 [1.21048106e-01 6.81008403e-02 1.39072644e-01 6.81008403e-02
  2.07355138e-01 6.81008403e-02 1.39072644e-01 6.81008403e-02
  1.21048106e-01]
 [5.74947166e-03 2.40784588e-01 4.99569031e-03 2.40784588e-01
  1.53713253e-02 2.40784588e-01 4.99569031e-03 2.40784588e-01
  5.74947166e-03]
 [2.96902292e-03 8.08186458e-03 5.55178006e-03 8.08186458e-03
  9.50630936e-01 8.08186458e-03 5.55178006e-03 8.08186458e-03
  2.96902292e-03]
 [6.51378551e-03 2.39485254e-01 4.84282754e-03 2.39485254e-01
  1.93457573e-02 2.39485254e-01 4.84282754e-03 2.39485254e-01
  6.51378551e-03]
 [1.19710557e-01 7.03746740e-02 1.02858884e-01 7.03746740e-02
  2.73362421e-01 7.03746740e-02 1.02858884e-01 7.03746740e-02
  1.19710557e-01]
 [1.23110099e-01 1.17133257e-01 7.94004363e-02 1.17133257e-01
  1.26445903e-01 1.17133257e-01 7.94004363e-02 1.17133257e-01
  1.23110099e-01]
 [9.58416914e-02 9.46140567e-02 9.12949687e-02 9.46140567e-02
  2.47270453e-01 9.46140567e-02 9.12949687e-02 9.46140567e-02
  9.58416914e-02]
 [4.82843003e-02 1.76644223e-01 8.63460133e-02 1.76644223e-01
  2.41624790e-02 1.76644223e-01 8.63460133e-02 1.76644223e-01
  4.82843003e-02]
 [8.64832096e-02 5.80755913e-02 7.87062315e-02 5.80755913e-02
  4.37318753e-01 5.80755913e-02 7.87062315e-02 5.80755913e-02
  8.64832096e-02]
 [7.31055186e-02 1.34448152e-01 8.13817697e-02 1.34448152e-01
  1.53232814e-01 1.34448152e-01 8.13817697e-02 1.34448152e-01
  7.31055186e-02]
 [5.24045594e-02 1.68457181e-01 2.41420536e-02 1.68457181e-01
  1.73078050e-01 1.68457181e-01 2.41420536e-02 1.68457181e-01
  5.24045594e-02]
 [5.10633067e-02 7.27640521e-02 2.17614704e-02 7.27640521e-02
  5.63294237e-01 7.27640521e-02 2.17614704e-02 7.27640521e-02
  5.10633067e-02]
 [5.22285082e-02 1.64238063e-01 1.96588588e-02 1.64238063e-01
  1.99273014e-01 1.64238063e-01 1.96588588e-02 1.64238063e-01
  5.22285082e-02]
 [7.34136082e-02 1.36183603e-01 1.06171379e-01 1.36183603e-01
  9.60956144e-02 1.36183603e-01 1.06171379e-01 1.36183603e-01
  7.34136082e-02]
 [1.22832145e-01 4.93736604e-02 9.62876721e-02 4.93736604e-02
  3.64265724e-01 4.93736604e-02 9.62876721e-02 4.93736604e-02
  1.22832145e-01]
 [5.49656526e-02 1.67545127e-01 1.09860971e-01 1.67545127e-01
  1.66245280e-04 1.67545127e-01 1.09860971e-01 1.67545127e-01
  5.49656526e-02]
 [8.45124306e-02 1.09355395e-01 5.79783812e-02 1.09355395e-01
  2.77596796e-01 1.09355395e-01 5.79783812e-02 1.09355395e-01
  8.45124306e-02]
 [8.57758969e-02 1.12260524e-01 5.73564439e-02 1.12260524e-01
  2.64693223e-01 1.12260524e-01 5.73564439e-02 1.12260524e-01
  8.57758969e-02]
 [9.92995632e-02 1.01049159e-01 7.18528441e-02 1.01049159e-01
  2.53498549e-01 1.01049159e-01 7.18528441e-02 1.01049159e-01
  9.92995632e-02]
 [2.90881705e-02 2.03120902e-01 2.24610752e-02 2.03120902e-01
  8.44179008e-02 2.03120902e-01 2.24610752e-02 2.03120902e-01
  2.90881705e-02]
 [1.65715045e-02 3.22420485e-02 2.49644084e-02 3.22420485e-02
  7.87959980e-01 3.22420485e-02 2.49644084e-02 3.22420485e-02
  1.65715045e-02]
 [2.22489389e-02 2.14747596e-01 2.38289215e-02 2.14747596e-01
  4.88538969e-02 2.14747596e-01 2.38289215e-02 2.14747596e-01
  2.22489389e-02]
 [1.11268218e-01 8.07024453e-02 1.40402046e-01 8.07024453e-02
  1.73849690e-01 8.07024453e-02 1.40402046e-01 8.07024453e-02
  1.11268218e-01]
 [1.86952248e-01 9.63351796e-02 1.04516960e-01 9.63351796e-02
  3.17208662e-02 9.63351796e-02 1.04516960e-01 9.63351796e-02
  1.86952248e-01]
 [1.17181827e-01 7.33267285e-02 1.41896741e-01 7.33267285e-02
  1.88535950e-01 7.33267285e-02 1.41896741e-01 7.33267285e-02
  1.17181827e-01]
 [1.19001246e-02 2.31001871e-01 1.11728902e-02 2.31001871e-01
  2.98464850e-02 2.31001871e-01 1.11728902e-02 2.31001871e-01
  1.19001246e-02]
 [7.01430725e-03 1.70296326e-02 1.21500536e-02 1.70296326e-02
  8.93552748e-01 1.70296326e-02 1.21500536e-02 1.70296326e-02
  7.01430725e-03]
 [1.43274374e-02 2.26875440e-01 1.06874276e-02 2.26875440e-01
  4.24685114e-02 2.26875440e-01 1.06874276e-02 2.26875440e-01
  1.43274374e-02]
 [1.12934029e-01 8.05479840e-02 9.02106108e-02 8.05479840e-02
  2.71518784e-01 8.05479840e-02 9.02106108e-02 8.05479840e-02
  1.12934029e-01]
 [1.06588084e-01 1.17375740e-01 7.06808871e-02 1.17375740e-01
  1.75959098e-01 1.17375740e-01 7.06808871e-02 1.17375740e-01
  1.06588084e-01]
 [9.19792708e-02 9.90463414e-02 7.72768306e-02 9.90463414e-02
  2.65302432e-01 9.90463414e-02 7.72768306e-02 9.90463414e-02
  9.19792708e-02]
 [5.09982645e-02 1.73097399e-01 9.75392877e-02 1.73097399e-01
  1.05352978e-02 1.73097399e-01 9.75392877e-02 1.73097399e-01
  5.09982645e-02]
 [1.02933565e-01 5.51824946e-02 8.71522276e-02 5.51824946e-02
  3.99098437e-01 5.51824946e-02 8.71522276e-02 5.51824946e-02
  1.02933565e-01]
 [7.49445327e-02 1.32388744e-01 9.27500341e-02 1.32388744e-01
  1.35055892e-01 1.32388744e-01 9.27500341e-02 1.32388744e-01
  7.49445327e-02]
 [5.00733015e-02 1.70286489e-01 2.04611826e-02 1.70286489e-01
  1.77785075e-01 1.70286489e-01 2.04611826e-02 1.70286489e-01
  5.00733015e-02]
 [5.00323942e-02 7.00873606e-02 2.00550253e-02 7.00873606e-02
  5.79475719e-01 7.00873606e-02 2.00550253e-02 7.00873606e-02
  5.00323942e-02]
 [5.00723250e-02 1.69483750e-01 1.96569784e-02 1.69483750e-01
  1.82606395e-01 1.69483750e-01 1.96569784e-02 1.69483750e-01
  5.00723250e-02]
 [7.49462415e-02 1.32788038e-01 9.71738900e-02 1.32788038e-01
  1.24607584e-01 1.32788038e-01 9.71738900e-02 1.32788038e-01
  7.49462415e-02]
 [1.09467298e-01 5.35268442e-02 9.02696788e-02 5.35268442e-02
  3.86418671e-01 5.35268442e-02 9.02696788e-02 5.35268442e-02
  1.09467298e-01]
 [5.21312670e-02 1.71573495e-01 1.01736885e-01 1.71573495e-01
  5.96971633e-03 1.71573495e-01 1.01736885e-01 1.71573495e-01
  5.21312670e-02]
 [8.99985303e-02 1.01609201e-01 7.13383320e-02 1.01609201e-01
  2.70889473e-01 1.01609201e-01 7.13383320e-02 1.01609201e-01
  8.99985303e-02]
 [9.99347257e-02 1.16519905e-01 6.67578240e-02 1.16519905e-01
  2.00535279e-01 1.16519905e-01 6.67578240e-02 1.16519905e-01
  9.99347257e-02]
 [1.09276124e-01 8.60500038e-02 8.46955263e-02 8.60500038e-02
  2.67856684e-01 8.60500038e-02 8.46955263e-02 8.60500038e-02
  1.09276124e-01]
 [1.83954775e-02 2.20317981e-01 1.38141207e-02 2.20317981e-01
  5.43088810e-02 2.20317981e-01 1.38141207e-02 2.20317981e-01
  1.83954775e-02]
 [9.37404117e-03 2.14360009e-02 1.56184079e-02 2.14360009e-02
  8.64271098e-01 2.14360009e-02 1.56184079e-02 2.14360009e-02
  9.37404117e-03]
 [1.48965873e-02 2.26266094e-01 1.45138987e-02 2.26266094e-01
  3.61146520e-02 2.26266094e-01 1.45138987e-02 2.26266094e-01
  1.48965873e-02]
 [1.15399182e-01 7.56408054e-02 1.42141723e-01 7.56408054e-02
  1.82354968e-01 7.56408054e-02 1.42141723e-01 7.56408054e-02
  1.15399182e-01]
 [1.88058328e-01 9.57855596e-02 1.04870371e-01 9.57855596e-02
  3.10003641e-02 9.57855596e-02 1.04870371e-01 9.57855596e-02
  1.88058328e-01]
 [1.13005444e-01 7.86319194e-02 1.41542229e-01 7.86319194e-02
  1.76376975e-01 7.86319194e-02 1.41542229e-01 7.86319194e-02
  1.13005444e-01]
 [1.90856291e-02 2.19683843e-01 1.96064154e-02 2.19683843e-01
  4.38805375e-02 2.19683843e-01 1.96064154e-02 2.19683843e-01
  1.90856291e-02]
 [1.31976636e-02 2.76051735e-02 2.07840085e-02 2.76051735e-02
  8.21615962e-01 2.76051735e-02 2.07840085e-02 2.76051735e-02
  1.31976636e-02]
 [2.43626107e-02 2.10712975e-01 1.85510191e-02 2.10712975e-01
  7.13208418e-02 2.10712975e-01 1.85510191e-02 2.10712975e-01
  2.43626107e-02]
 [1.03770726e-01 9.43309397e-02 7.73054587e-02 9.43309397e-02
  2.60523871e-01 9.43309397e-02 7.73054587e-02 9.43309397e-02
  1.03770726e-01]
 [9.15560665e-02 1.14455232e-01 6.13912948e-02 1.14455232e-01
  2.36284349e-01 1.14455232e-01 6.13912948e-02 1.14455232e-01
  9.15560665e-02]
 [8.70012499e-02 1.05744269e-01 6.35645734e-02 1.05744269e-01
  2.75891278e-01 1.05744269e-01 6.35645734e-02 1.05744269e-01
  8.70012499e-02]]