[[0.00000000e+00 0.00000000e+00 0.00000000e+00 0.00000000e+00
  1.00000000e+00 0.00000000e+00 0.00000000e+00 0.00000000e+00
  0.00000000e+00]
 [0.00000000e+00 2.50000000e-01 0.00000000e+00 2.50000000e-01
  0.00000000e+00 2.50000000e-01 0.00000000e+00 2.50000000e-01
  0.00000000e+00]
 [1.25000000e-01 6.25000000e-02 1.25000000e-01 6.25000000e-02
  2.50000000e-01 6.25000000e-02 1.25000000e-01 6.25000000e-02
  1.25000000e-01]
 [9.37500000e-02 4.68750000e-02 9.37500000e-02 2.34375000e-01
  6.25000000e-02 2.34375000e-01 9.37500000e-02 4.68750000e-02
  9.37500000e-02]
 [8.59375000e-02 7.42187500e-02 2.42187500e-01 5.85937500e-02
  7.81250000e-02 5.85937500e-02 2.42187500e-01 7.42187500e-02
  8.59375000e-02]
 [2.40234375e-01 7.71484375e-02 4.49218750e-02 1.27929687e-01
  1.95312500e-02 1.27929687e-01 4.49218750e-02 7.71484375e-02
  2.40234375e-01]
 [5.02929687e-02 6.32324219e-02 2.59277344e-01 8.37402344e-02
  8.69140625e-02 8.37402344e-02 2.59277344e-01 6.32324219e-02
  5.02929687e-02]
 [1.61499023e-01 3.50952148e-02 8.48388672e-02 2.00378418e-01
  3.63769531e-02 2.00378418e-01 8.48388672e-02 3.50952148e-02
  1.61499023e-01]
 [2.19940186e-01 1.45721436e-02 1.72943115e-01 8.20159912e-02
  2.10571289e-02 8.20159912e-02 1.72943115e-01 1.45721436e-02
  2.19940186e-01]
 [7.66830444e-02 8.98094177e-02 2.25212097e-01 1.04900360e-01
  6.79016113e-03 1.04900360e-01 2.25212097e-01 8.98094177e-02
  7.66830444e-02]
 [2.48716354e-01 4.21171188e-02 6.99977875e-02 5.78069687e-02
  1.62723541e-01 5.78069687e-02 6.99977875e-02 4.21171188e-02
  2.48716354e-01]
 [3.01566124e-02 3.08265448e-01 1.07539654e-01 5.09917736e-02
  6.09302521e-03 5.09917736e-02 1.07539654e-01 3.08265448e-01
  3.01566124e-02]
 [7.69737959e-02 4.26890254e-02 4.47124243e-02 7.42196441e-02
  5.22810221e-01 7.42196441e-02 4.47124243e-02 4.26890254e-02
  7.69737959e-02]
 [7.31464326e-02 2.12255105e-01 6.80579841e-02 1.26058981e-01
  4.09629941e-02 1.26058981e-01 6.80579841e-02 2.12255105e-01
  7.31464326e-02]
 [1.03482835e-01 1.20687317e-01 1.27815805e-01 9.11575221e-02
  1.13713041e-01 9.11575221e-02 1.27815805e-01 1.20687317e-01
  1.03482835e-01]
 [8.73624589e-02 1.33023425e-01 9.51585900e-02 1.01133171e-01
  1.66644711e-01 1.01133171e-01 9.51585900e-02 1.33023425e-01
  8.73624589e-02]
 [7.09787416e-02 1.71352221e-01 1.20102578e-01 5.76968116e-02
  1.59739294e-01 5.76968116e-02 1.20102578e-01 1.71352221e-01
  7.09787416e-02]
 [1.07830212e-01 2.97520209e-01 4.32530585e-02 4.99127681e-02
  2.96750595e-03 4.99127681e-02 4.32530585e-02 2.97520209e-01
  1.07830212e-01]
 [4.07544831e-02 6.63927882e-02 8.52683474e-02 4.69854098e-02
  5.21197943e-01 4.69854098e-02 8.52683474e-02 6.63927882e-02
  4.07544831e-02]
 [6.95885353e-02 8.75931238e-02 5.01429147e-02 2.61756225e-01
  6.18384018e-02 2.61756225e-01 5.01429147e-02 8.75931238e-02
  6.95885353e-02]
 [2.45180113e-01 5.87982890e-02 1.13474632e-01 3.51293086e-02
  9.48353148e-02 3.51293086e-02 1.13474632e-01 5.87982890e-02
  2.45180113e-01]
 [8.00164810e-02 6.83173520e-02 1.94677163e-01 1.51918185e-01
  1.01416367e-02 1.51918185e-01 1.94677163e-01 6.83173520e-02
  8.00164810e-02]
 [1.34624356e-01 3.19862402e-02 1.92602856e-01 8.69205135e-02
  1.07732069e-01 8.69205135e-02 1.92602856e-01 3.19862402e-02
  1.34624356e-01]
 [1.73622132e-01 9.21529743e-02 9.79085900e-02 1.27451425e-01
  1.77297571e-02 1.27451425e-01 9.79085900e-02 9.21529743e-02
  1.73622132e-01]
 [1.19223726e-01 1.38722572e-02 2.11306658e-01 9.70875443e-02
  1.17019630e-01 9.70875443e-02 2.11306658e-01 1.38722572e-02
  1.19223726e-01]
 [1.60442359e-01 1.10373830e-01 5.78035652e-02 1.61830665e-01
  1.90991617e-02 1.61830665e-01 5.78035652e-02 1.10373830e-01
  1.60442359e-01]
 [1.22259570e-01 4.12053468e-02 1.90850316e-01 1.01401524e-01
  8.85664864e-02 1.01401524e-01 1.90850316e-01 4.12053468e-02
  1.22259570e-01]
 [6.60771383e-02 1.99142005e-01 1.51037485e-01 6.08363107e-02
  4.58141212e-02 6.08363107e-02 1.51037485e-01 1.99142005e-01
  6.60771383e-02]
 [1.22025331e-01 1.00932846e-01 7.98239014e-02 1.98309796e-02
  3.54773884e-01 1.98309796e-02 7.98239014e-02 1.00932846e-01
  1.22025331e-01]
 [2.97825696e-02 3.70180899e-01 9.17430608e-03 9.05928189e-02
  5.38813662e-04 9.05928189e-02 9.17430608e-03 3.70180899e-01
  2.97825696e-02]
 [3.94720909e-02 1.40257694e-02 7.14256919e-02 1.22388844e-02
  7.25675127e-01 1.22388844e-02 7.14256919e-02 1.40257694e-02
  3.94720909e-02]
 [4.62023948e-02 1.76516847e-01 9.95379771e-03 2.65373746e-01
  3.90642852e-03 2.65373746e-01 9.95379771e-03 1.76516847e-01
  4.62023948e-02]
 [1.09571901e-01 5.76779649e-02 1.91677255e-01 5.21914181e-02
  1.77762921e-01 5.21914181e-02 1.91677255e-01 5.76779649e-02
  1.09571901e-01]
 [1.42902692e-01 1.14512317e-01 6.72210732e-02 1.46769196e-01
  5.71894429e-02 1.46769196e-01 6.72210732e-02 1.14512317e-01
  1.42902692e-01]
 [4.98791988e-02 8.33285901e-02 2.36993447e-01 4.10293079e-02
  1.77538913e-01 4.10293079e-02 2.36993447e-01 8.33285901e-02
  4.98791988e-02]
 [1.91316335e-01 1.61988079e-01 2.69023962e-02 1.06000292e-01
  2.75857959e-02 1.06000292e-01 2.69023962e-02 1.61988079e-01
  1.91316335e-01]
 [4.10232999e-02 5.73473459e-02 2.32920308e-01 6.85553956e-02
  2.00307300e-01 6.85553956e-02 2.32920308e-01 5.73473459e-02
  4.10232999e-02]
 [1.32812345e-01 9.33383896e-02 3.57197231e-02 2.13189010e-01
  4.98810638e-02 2.13189010e-01 3.57197231e-02 9.33383896e-02
  1.32812345e-01]
 [2.19009857e-01 3.15059065e-02 1.18482761e-01 7.95366288e-02
  1.02929693e-01 7.95366288e-02 1.18482761e-01 3.15059065e-02
  2.19009857e-01]
 [8.06847445e-02 1.15295183e-01 2.20275096e-01 8.12005365e-02
  5.08887960e-03 8.12005365e-02 2.20275096e-01 1.15295183e-01
  8.06847445e-02]
 [1.58006070e-01 7.91406880e-02 8.00276193e-02 8.23981569e-02
  2.00854932e-01 8.23981569e-02 8.00276193e-02 7.91406880e-02
  1.58006070e-01]
 [2.44497182e-02 2.17782275e-01 1.24998356e-01 1.21098219e-01
  2.33428648e-02 1.21098219e-01 1.24998356e-01 2.17782275e-01
  2.44497182e-02]
 [1.74260490e-01 4.85712690e-02 4.74452175e-02 4.88413780e-02
  3.61763290e-01 4.88413780e-02 4.74452175e-02 4.85712690e-02
  1.74260490e-01]
 [6.27243121e-02 1.52048583e-01 1.03664960e-01 1.49446999e-01
  6.42302931e-02 1.49446999e-01 1.03664960e-01 1.52048583e-01
  6.27243121e-02]
 [1.27036992e-01 5.80042910e-02 1.18382923e-01 1.33588686e-01
  1.25974216e-01 1.33588686e-01 1.18382923e-01 5.80042910e-02
  1.27036992e-01]
 [8.63653031e-02 1.40741139e-01 1.72514766e-01 7.49492721e-02
  5.08590391e-02 7.49492721e-02 1.72514766e-01 1.40741139e-01
  8.63653031e-02]
 [1.34952197e-01 1.29320418e-01 1.07236599e-01 5.66581324e-02
  1.43665309e-01 5.66581324e-02 1.07236599e-01 1.29320418e-01
  1.34952197e-01]
 [1.27715047e-01 2.19713108e-01 2.63104943e-02 9.88683049e-02
  5.47860935e-02 9.88683049e-02 2.63104943e-02 2.19713108e-01
  1.27715047e-01]
 [5.38945356e-02 8.83843965e-02 1.50867700e-01 2.69396319e-02
  3.59827473e-01 2.69396319e-02 1.50867700e-01 8.83843965e-02
  5.38945356e-02]
 [1.20548539e-01 1.45446148e-01 2.53030171e-02 1.73845576e-01
  6.97134411e-02 1.73845576e-01 2.53030171e-02 1.45446148e-01
  1.20548539e-01]
 [1.22289209e-01 8.87775063e-02 1.63638698e-01 6.11135277e-02
  1.28362119e-01 6.11135277e-02 1.63638698e-01 8.87775063e-02
  1.22289209e-01]
 [1.18705899e-01 9.99760696e-02 1.33228215e-01 1.31421592e-01
  3.33364489e-02 1.31421592e-01 1.33228215e-01 9.99760696e-02
  1.18705899e-01]
 [1.07407994e-01 6.44649860e-02 1.78486158e-01 6.87858218e-02
  1.61710080e-01 6.87858218e-02 1.78486158e-01 6.44649860e-02
  1.07407994e-01]
 [1.08903799e-01 1.99161136e-01 6.68548284e-02 1.11711478e-01
  2.67375171e-02 1.11711478e-01 6.68548284e-02 1.99161136e-01
  1.08903799e-01]
 [1.26683093e-01 2.35767350e-02 1.20733151e-01 4.81214036e-02
  3.61771234e-01 4.81214036e-02 1.20733151e-01 2.35767350e-02
  1.26683093e-01]
 [4.35894956e-02 2.10179045e-01 6.29426928e-02 1.79123151e-01
  8.33123078e-03 1.79123151e-01 6.29426928e-02 2.10179045e-01
  4.35894956e-02]
 [1.32040752e-01 2.25229198e-02 1.02031429e-01 1.05669636e-01
  2.75470527e-01 1.05669636e-01 1.02031429e-01 2.25229198e-02
  1.32040752e-01]
 [7.60995373e-02 1.23546350e-01 1.83523207e-01 1.05217160e-01
  2.32274908e-02 1.05217160e-01 1.83523207e-01 1.23546350e-01
  7.60995373e-02]
 [1.52827637e-01 5.86554270e-02 1.25782241e-01 5.08516031e-02
  2.23766185e-01 5.08516031e-02 1.25782241e-01 5.86554270e-02
  1.52827637e-01]
 [9.95430409e-02 1.44985865e-01 3.07540978e-02 2.23230454e-01
  2.97308428e-03 2.23230454e-01 3.07540978e-02 1.44985865e-01
  9.95430409e-02]
 [8.24916606e-02 4.08815823e-02 2.05241148e-01 3.85246590e-02
  2.65721900e-01 3.85246590e-02 2.05241148e-01 4.08815823e-02
  8.24916606e-02]
 [1.62950023e-01 1.35688205e-01 3.55650823e-02 1.57547950e-01
  1.64974791e-02 1.57547950e-01 3.55650823e-02 1.35688205e-01
  1.62950023e-01]
 [7.08197029e-02 3.33834572e-02 2.33054744e-01 6.44052208e-02
  1.96673750e-01 6.44052208e-02 2.33054744e-01 3.33834572e-02
  7.08197029e-02]
 [1.33865320e-01 1.36948412e-01 9.31934647e-02 1.19246424e-01
  3.34927582e-02 1.19246424e-01 9.31934647e-02 1.36948412e-01
  1.33865320e-01]
 [1.13801206e-01 8.59711188e-02 1.97559366e-01 2.22280945e-02
  1.60880430e-01 2.22280945e-02 1.97559366e-01 8.59711188e-02
  1.13801206e-01]
 [9.15981670e-02 2.92098027e-01 1.01623114e-02 8.78496662e-02
  3.65836560e-02 8.78496662e-02 1.01623114e-02 2.92098027e-01
  9.15981670e-02]
 [4.78378592e-02 2.36551542e-02 1.25837193e-01 4.51438236e-02
  5.15051939e-01 4.51438236e-02 1.25837193e-01 2.36551542e-02
  4.78378592e-02]
 [9.78952596e-02 2.35550094e-01 1.01927334e-02 1.47442348e-01
  1.78391301e-02 1.47442348e-01 1.01927334e-02 2.35550094e-01
  9.78952596e-02]
 [1.17002086e-01 8.86617427e-02 8.74567008e-02 8.51258007e-02
  2.43507340e-01 8.51258007e-02 8.74567008e-02 8.86617427e-02
  1.17002086e-01]
 [6.53457936e-02 9.55110688e-02 1.63588464e-01 1.39579592e-01
  7.19501630e-02 1.39579592e-01 1.63588464e-01 9.55110688e-02
  6.53457936e-02]
 [1.16677654e-01 1.30006063e-01 1.29915102e-01 6.46072764e-02
  1.17587810e-01 6.46072764e-02 1.29915102e-01 1.30006063e-01
  1.16677654e-01]
 [8.53661214e-02 1.45477480e-01 9.44520424e-02 1.44100312e-01
  6.12080887e-02 1.44100312e-01 9.44520424e-02 1.45477480e-01
  8.53661214e-02]
 [1.72469286e-01 4.67636768e-02 8.05118626e-02 6.52818724e-02
  2.69946605e-01 6.52818724e-02 8.05118626e-02 4.67636768e-02
  1.72469286e-01]
 [7.22850953e-02 1.09828052e-01 1.40156114e-01 1.70057439e-01
  1.53466000e-02 1.70057439e-01 1.40156114e-01 1.09828052e-01
  7.22850953e-02]
 [1.74170230e-01 1.89182074e-02 1.03425597e-01 1.38480262e-01
  1.30011408e-01 1.38480262e-01 1.03425597e-01 1.89182074e-02
  1.74170230e-01]
 [7.80380735e-02 7.36665603e-02 2.35843935e-01 1.10337178e-01
  4.22850752e-03 1.10337178e-01 2.35843935e-01 7.36665603e-02
  7.80380735e-02]
 [2.56130060e-01 7.95570443e-02 1.07033792e-01 3.12911611e-02
  5.19758858e-02 3.12911611e-02 1.07033792e-01 7.95570443e-02
  2.56130060e-01]
 [1.16417748e-01 1.72375300e-01 5.67310952e-02 1.11685920e-01
  8.55798745e-02 1.11685920e-01 5.67310952e-02 1.72375300e-01
  1.16417748e-01]
 [3.80692991e-02 7.44144396e-02 1.85631864e-01 7.78448853e-02
  2.48079024e-01 7.78448853e-02 1.85631864e-01 7.44144396e-02
  3.80692991e-02]
 [1.79823432e-01 1.82614310e-01 4.24686387e-02 8.52815058e-02
  1.96242274e-02 8.52815058e-02 4.24686387e-02 1.82614310e-01
  1.79823432e-01]
 [6.07364319e-02 8.98583605e-02 1.88786634e-01 9.34842131e-02
  1.34268721e-01 9.34842131e-02 1.88786634e-01 8.98583605e-02
  6.07364319e-02]
 [1.25063855e-01 1.07809182e-01 7.74046490e-02 1.36849240e-01
  1.05746147e-01 1.36849240e-01 7.74046490e-02 1.07809182e-01
  1.25063855e-01]
 [1.10183839e-01 1.41168899e-01 1.50852273e-01 1.74212097e-02
  1.60747559e-01 1.74212097e-02 1.50852273e-01 1.41168899e-01
  1.10183839e-01]
 [2.32825846e-02 3.94610993e-01 3.35297491e-02 3.80993175e-02
  2.09547124e-02 3.80993175e-02 3.35297491e-02 3.94610993e-01
  2.32825846e-02]
 [4.53830158e-02 2.28095499e-02 2.72657346e-02 2.22692384e-02
  7.64544922e-01 2.22692384e-02 2.72657346e-02 2.28095499e-02
  4.53830158e-02]
 [4.05278719e-04 2.34010475e-01 4.34356372e-02 2.22125403e-01
  4.64135052e-05 2.22125403e-01 4.34356372e-02 2.34010475e-01
  4.05278719e-04]
 [1.71797310e-01 1.14204900e-02 7.27198635e-02 8.51927077e-02
  3.17739257e-01 8.51927077e-02 7.27198635e-02 1.14204900e-02
  1.71797310e-01]
 [7.83666674e-02 2.71996557e-02 1.67568529e-01 2.21320537e-01
  1.10892209e-02 2.21320537e-01 1.67568529e-01 2.71996557e-02
  7.83666674e-02]
 [1.53987252e-01 4.50705163e-02 2.17870336e-01 6.06068210e-02
  4.49301513e-02 6.06068210e-02 2.17870336e-01 4.50705163e-02
  1.53987252e-01]
 [1.96135250e-01 4.41757817e-02 4.90164800e-02 2.03513852e-01
  1.43172725e-02 2.03513852e-01 4.90164800e-02 4.41757817e-02
  1.96135250e-01]
 [6.57396161e-02 4.68021575e-02 2.88180923e-01 7.22204001e-02
  5.41138062e-02 7.22204001e-02 2.88180923e-01 4.68021575e-02
  6.57396161e-02]
 [2.31637378e-01 7.62832981e-02 5.76202076e-02 1.22227873e-01
  2.44624863e-02 1.22227873e-01 5.76202076e-02 7.62832981e-02
  2.31637378e-01]
 [1.01499412e-01 1.16817996e-02 2.49183110e-01 8.72824525e-02
  1.00706452e-01 8.72824525e-02 2.49183110e-01 1.16817996e-02
  1.01499412e-01]
 [9.04228352e-02 1.22800327e-01 1.42719375e-01 1.38251609e-01
  1.16117081e-02 1.38251609e-01 1.42719375e-01 1.22800327e-01
  9.04228352e-02]
 [2.04819093e-01 6.98581606e-02 1.24986791e-01 1.44664891e-02
  1.71738934e-01 1.44664891e-02 1.24986791e-01 6.98581606e-02
  2.04819093e-01]
 [2.88891036e-02 4.16842127e-01 2.43197434e-02 2.06521708e-02
  1.85937098e-02 2.06521708e-02 2.43197434e-02 4.16842127e-01
  2.88891036e-02]
 [2.15531661e-02 1.42314244e-02 2.63251176e-02 3.49421640e-02
  8.05896256e-01 3.49421640e-02 2.63251176e-02 1.42314244e-02
  2.15531661e-02]
 [3.96146588e-02 2.88005641e-01 2.21828886e-02 1.49332571e-01
  1.72848257e-03 1.49332571e-01 2.21828886e-02 2.88005641e-01
  3.96146588e-02]
 [7.81249310e-02 1.24920625e-01 1.07979868e-01 7.79837470e-02
  2.21981658e-01 7.79837470e-02 1.07979868e-01 1.24920625e-01
  7.81249310e-02]
 [7.99268340e-02 7.07933675e-02 9.05109777e-02 1.82025584e-01
  1.53486473e-01 1.82025584e-01 9.05109777e-02 7.07933675e-02
  7.99268340e-02]
 [9.45472373e-02 1.42878956e-01 1.65155786e-01 5.68186478e-02
  8.11987451e-02 5.68186478e-02 1.65155786e-01 1.42878956e-01
  9.45472373e-02]]